AvoidChallenge:
  ChooseSide: [0, 1, 0.05, 0.04]
  Distant: [60, 90, 250]
  FinalAngle: 90.0
  GoodAngle: 90.0
  GraySet: 10
  IsSimulator: [0]
  Line: [18, 5, 6, 6, 5, 5, 8]
  SPlanning_Velocity: [100, 0.3, 35, 15, 1, 1, 144, 5]
  avoid_go: 0
  dd_1: 0
  dd_2: 0
  df_1: 0
  df_2: 0
  far_good_angle: 90.0
  kd: 0
  ki: 0
  kp: 1
FIRA:
  Attack_Strategy: [0]
  Camera: {Focal: 15.025845950801042, High: 650.0}
  Center: {Front: 330, Inner: 46, Outer: 276, X: 297, Y: 267}
  Chase_Strategy: [0]
  Corner_Kick: [1.2, 60, 90, 50]
  Distance:
    Gap: 20
    Pixel: [0, 38, 51, 72, 88, 101, 114, 122, 129, 135, 140, 142, 144, 147, 150, 154]
    Space: [0, 20, 40, 60, 80, 100, 120, 140, 160, 180, 200, 220, 240, 260, 280, 300]
  Distance_Settings: [0, 0, 0]
  Dorsad_Attack: [8, 90, 180, 2, 1, 2]
  HSV:
    Bluerange: [360, 0, 255, 0, 255, 0]
    Greenrange: [360, 0, 255, 0, 255, 0]
    Redrange: [36, 301, 172, 71, 212, 54]
    Whiterange: [360, 0, 255, 0, 255, 0]
    Yellowrange: [360, 0, 255, 0, 255, 0]
  RobotNumber: 1
  SPlanning_Velocity: [2.3, 0.3, 100, 60, 15, 5, 144, 5]
  SideSpeedUp: [0.73, 1.2, 0.7, 5, 17.6]
  TypeS_Attack: [1.2, 0.2]
  TypeU_Attack: [0.8, 1, -90, 90, 0.6, 0.3, 10, 20]
  Zone_Attack: [0.87, 1.55]
  blackItem: {angle: 3, gray: 54, obj_filter_size: 500}
  gray_ave: 23
  picture_m: 576
  vision:
    Camera: {Focal: 13.971313932573906, High: 650.0}
    Center: {Camera_high: 654, Center_X: 302, Center_Y: 246, Front: 272, Horizon: 139,
      Inner: 40, Outer: 229, X: 308, Y: 266}
    FPS: 17
    HSV:
      Ball: [313, 44, 23, 100, 21, 100]
      Blue: [170, 258, 64, 81, 36, 67]
      Green: [113, 208, 51, 70, 14, 33]
      White: [0, 360, 0, 27, 0, 31]
      Yellow: [30, 92, 28, 98, 24, 100]
      black: {angle: 3, gray: 30}
      white: {angle: 33, gray: 170}
    Parameterbutton: 4
    SCAN: {Angle_Near_Gap: 4, Angle_range_1: 2, Angle_range_2_3: 4, Dont_Search_Angle_1: 47,
      Dont_Search_Angle_2: 164, Dont_Search_Angle_3: 285, Magn_Far_End: 212, Magn_Far_Start: 141,
      Magn_Middle_Start: 93, Magn_Near_Gap: 4, Magn_Near_Start: 40}
    blackItem: {angle: 3, gray: 40}
    whiteline: {angle: 4, gray: 100}
  whiteline: {angle: 4, gray: 100}
FIRA_Behavior:
  Attack_Strategy: [5, 1, 0.6]
  Chase_Strategy: [5, 0.15, 0.2, 5, 0.4]
  Corner_Kick: [10, 0.45]
  Side_Speed_UP: [10, 0.45]
  TypeS_Attack: [20, 1, 1.4]
  TypeU_Chase: [30, 0.3]
  Zone_Attack: [0.6]
StrategySelection: [0, 1, 0, 0, 1, 0]
camera:
  image_raw:
    compressed: {format: jpeg, jpeg_quality: 80, png_level: 9}
    compressedDepth: {depth_max: 10.0, depth_quantization: 100.0, png_level: 9}
    theora: {keyframe_frequency: 64, optimize_for: 1, quality: 31, target_bitrate: 800000}
prosilica_driver: {auto_adjust_stream_bytes_per_second: true, auto_exposure: false,
  auto_gain: false, auto_whitebalance: false, binning_x: 1, binning_y: 1, exposure: 0.017,
  exposure_auto_max: 0.5, exposure_auto_target: 50, fixed_rate: 15.0, frame_id: '',
  gain: 0, gain_auto_max: 19, gain_auto_target: 50, height: 480, stream_bytes_per_second: 45000000,
  trig_rate: 15.0, trig_timestamp_topic: '', trigger_mode: streaming, whitebalance_blue: 100,
  whitebalance_red: 100, width: 640, x_offset: 0, y_offset: 0}
rosbridge_websocket: {address: '', authenticate: false, delay_between_messages: 0,
  fragment_timeout: 600, max_message_size: None, port: 9090, retry_startup_delay: 5}
rosdistro: 'indigo

  '
roslaunch:
  uris: {host_iarc__37025: 'http://iarc:37025/', host_iarc__38006: 'http://iarc:38006/',
    host_iarc__39889: 'http://iarc:39889/', host_iarc__45407: 'http://iarc:45407/',
    host_iarc__46487: 'http://iarc:46487/', host_iarc__46542: 'http://iarc:46542/'}
rosversion: '1.11.21

  '
run_id: ed3bccda-ad91-11e9-9851-b8aeed7b4f81
